listing_id,high,medium,low
7142618,0.005,0.23,0.765
7210040,0.05,0.33,0.62
7103890,0.005,0.16,0.835
7143442,0.065,0.49,0.445
6860601,0.015,0.28,0.705
6840081,0.0,0.01,0.99
6922337,0.095,0.48,0.425
6913616,0.06,0.26,0.68
6937820,0.035,0.43,0.535
6893933,0.045,0.155,0.8
6832604,0.0,0.02666666666666667,0.9733333333333334
6915282,0.01,0.035,0.955
7127565,0.055,0.125,0.82
6827899,0.02,0.095,0.885
6934855,0.005,0.035,0.96
6861826,0.015,0.185,0.8
6871643,0.05,0.33,0.62
6842542,0.0,0.03,0.97
6934145,0.0,0.225,0.775
6829365,0.16,0.39,0.45
7167858,0.02333333333333333,0.2,0.7766666666666666
6859483,0.245,0.22416666666666668,0.5308333333333334
6861377,0.025,0.265,0.71
6848960,0.105,0.33,0.565
6918850,0.02,0.21,0.77
6916867,0.095,0.34,0.565
6895840,0.0,0.075,0.925
6813539,0.76,0.125,0.115
7116900,0.085,0.43,0.485
6890328,0.43,0.4,0.17
6879406,0.09,0.1,0.81
6824924,0.12,0.275,0.605
6911302,0.13,0.19,0.68
6918742,0.05,0.83,0.12
6910586,0.01,0.025,0.965
6821750,0.05,0.15999999999999998,0.79
6860647,0.015,0.475,0.51
6932873,0.095,0.385,0.52
6846053,0.085,0.425,0.49
6940365,0.005,0.3,0.695
6931867,0.035,0.22,0.745
6876383,0.05,0.05,0.9
6910980,0.095,0.465,0.44
6880877,0.135,0.31,0.555
6839552,0.03,0.2,0.77
6838051,0.22,0.355,0.425
6928201,0.615,0.19,0.195
6945608,0.21,0.6,0.19
6816147,0.11916666666666666,0.095,0.7858333333333334
6868129,0.055,0.295,0.65
6849448,0.065,0.26,0.675
7113677,0.43,0.48,0.09
6930856,0.02,0.135,0.845
6889594,0.02,0.415,0.565
6842682,0.04,0.28,0.68
6880366,0.07,0.32,0.61
6835063,0.0,0.0,1.0
6820479,0.16,0.36,0.48
6882057,0.0,0.205,0.795
6834440,0.07,0.305,0.625
6880846,0.0,0.01,0.99
6847248,0.005,0.08,0.915
6868368,0.0,0.03,0.97
6943505,0.0,0.28,0.72
7174304,0.205,0.285,0.51
6880747,0.05,0.065,0.885
6933565,0.0,0.135,0.865
6888511,0.01,0.035,0.955
6942704,0.045,0.4,0.555
6840304,0.085,0.28,0.635
6856860,0.0,0.09,0.91
6884921,0.005,0.015,0.98
6937417,0.0,0.085,0.915
6831129,0.0,0.005,0.995
6936660,0.285,0.155,0.56
6940667,0.0,0.065,0.935
7201307,0.005,0.005,0.99
6825434,0.005,0.065,0.93
6848114,0.23,0.355,0.415
6947758,0.51,0.25,0.24
6897002,0.065,0.315,0.62
6926661,0.025,0.07,0.905
6867411,0.2,0.245,0.555
6910154,0.01,0.11,0.88
7157900,0.035,0.11,0.855
6922324,0.015,0.21,0.775
6863068,0.02,0.38,0.6
6912109,0.0,0.155,0.845
6918609,0.04,0.04,0.92
6889300,0.115,0.325,0.56
6837794,0.04,0.17,0.79
6943098,0.225,0.215,0.56
6927601,0.09,0.2,0.71
6897826,0.015,0.26,0.725
6882892,0.125,0.06,0.815
6873384,0.035,0.33,0.635
6934693,0.13,0.445,0.425
7224450,0.04,0.195,0.765
6898157,0.015,0.315,0.67
6837355,0.01,0.125,0.865
6830595,0.25833333333333336,0.235,0.5066666666666667
6943561,0.02,0.605,0.375
6844380,0.155,0.285,0.56
6814286,0.04,0.21,0.75
6898520,0.055,0.37,0.575
6940979,0.145,0.355,0.5
6851090,0.49499999999999994,0.27499999999999997,0.23
7107169,0.035,0.34,0.625
6830287,0.2575,0.33,0.4125
6933575,0.035,0.33833333333333326,0.6266666666666666
6938972,0.01,0.14,0.85
6888315,0.0,0.095,0.905
6855106,0.02,0.13,0.85
6838237,0.23,0.485,0.285
6901024,0.07,0.164375,0.7656249999999999
6846627,0.04,0.13,0.83
7219857,0.0,0.02,0.98
6852685,0.025,0.245,0.73
6831610,0.075,0.455,0.47
6943538,0.03,0.43,0.54
6911637,0.0,0.015,0.985
6854543,0.035,0.185,0.78
6940451,0.03,0.42,0.55
6819530,0.185,0.405,0.41
7093396,0.13,0.535,0.335
6840326,0.0,0.08,0.92
6834204,0.065,0.14,0.795
6902518,0.06,0.405,0.535
6930253,0.01,0.4,0.59
6828293,0.0,0.025,0.975
7203744,0.31875,0.16625,0.515
6816478,0.02,0.115,0.865
6868890,0.05,0.08,0.87
6879338,0.1,0.22,0.68
6898532,0.02,0.435,0.545
6899965,0.09,0.135,0.775
7133875,0.005,0.08,0.915
6822218,0.075,0.225,0.7
6814018,0.17508333333333334,0.195,0.6299166666666668
6896376,0.185,0.3866666666666667,0.42833333333333334
6918670,0.115,0.52,0.365
6867839,0.0,0.005,0.995
6823554,0.005,0.04,0.955
6934798,0.17,0.265,0.565
6820823,0.205,0.19,0.605
6880212,0.025,0.15,0.825
6934814,0.04,0.155,0.805
7254134,0.065,0.08,0.855
6938303,0.16,0.54875,0.29125
6813807,0.09,0.405,0.505
6878604,0.0,0.095,0.905
6876763,0.025,0.12,0.855
6844352,0.0,0.035,0.965
6915939,0.14,0.485,0.375
7109370,0.05,0.625,0.325
6855445,0.06,0.13,0.81
6818668,0.08,0.565,0.355
6836527,0.0,0.0,1.0
6831717,0.035,0.105,0.86
6937162,0.07,0.446,0.484
6922876,0.015,0.015,0.97
7109482,0.035,0.345,0.62
6940972,0.055,0.51,0.435
6883790,0.075,0.2775,0.6475
6921643,0.065,0.34,0.595
6935700,0.005,0.15,0.845
6827025,0.205,0.345,0.45
6943096,0.025,0.3775,0.5975
7161468,0.01,0.105,0.885
6879610,0.045,0.235,0.72
6935762,0.11,0.67,0.22
6925042,0.0,0.015,0.985
7121050,0.03,0.32,0.65
6821601,0.37,0.345,0.285
6926810,0.005,0.09,0.905
6946532,0.065,0.14,0.795
6875171,0.12,0.485,0.395
7096285,0.145,0.31,0.545
6812321,0.05,0.095,0.855
6822697,0.09,0.2783333333333333,0.6316666666666667
6941294,0.0,0.015,0.985
6873564,0.005,0.01,0.985
6926791,0.005,0.14,0.855
7142444,0.5379166666666666,0.3170833333333333,0.145
6878128,0.055,0.795,0.15
6927428,0.09,0.38,0.53
6812674,0.0,0.0,1.0
6881774,0.145,0.33,0.525
7167797,0.005,0.16,0.835
6865238,0.02,0.52,0.46
6841710,0.135,0.42,0.445
6856334,0.0,0.01,0.99
6906462,0.045,0.16833333333333336,0.7866666666666666
6837438,0.14916666666666667,0.3525,0.49833333333333335
6908277,0.11,0.435,0.455
6841291,0.015,0.095,0.89
6915178,0.465,0.42,0.115
6893031,0.265,0.3,0.435
6894985,0.21166666666666667,0.54,0.24833333333333332
6931134,0.145,0.345,0.51
6872264,0.285,0.335,0.38
6816953,0.1175,0.44,0.4425
7163518,0.425,0.395,0.18
6893253,0.04,0.535,0.425
6943822,0.045,0.145,0.81
6946313,0.085,0.28,0.635
6839443,0.01,0.065,0.925
6911338,0.01,0.32,0.67
7223877,0.625,0.225,0.15
6917884,0.095,0.53,0.375
6823126,0.0,0.04,0.96
6939488,0.18333333333333332,0.635,0.18166666666666667
7196924,0.04,0.425,0.535
6905685,0.07,0.41,0.52
6894092,0.005,0.14,0.855
6812181,0.035,0.22,0.745
6854610,0.04,0.19,0.77
6873754,0.065,0.62,0.315
6859181,0.95,0.03,0.02
6825402,0.0,0.135,0.865
6819526,0.065,0.07,0.865
6896065,0.005,0.055,0.94
6931793,0.145,0.3,0.555
6907360,0.01,0.095,0.895
6813182,0.065,0.215,0.72
6823959,0.004166666666666667,0.21875,0.7770833333333335
6942189,0.16,0.17,0.67
6844384,0.0,0.02,0.98
6836888,0.32,0.175,0.505
6917844,0.225,0.1,0.675
6937842,0.12,0.64,0.24
6926917,0.31,0.17,0.52
7160740,0.03,0.185,0.785
6936310,0.155,0.285,0.56
6849109,0.195,0.125,0.68
6831018,0.0,0.0,1.0
6909842,0.045,0.08,0.875
6861360,0.005,0.04,0.955
6883414,0.025,0.06,0.915
6876026,0.01,0.1275595238095238,0.8624404761904763
7095390,0.0,0.0,1.0
6932265,0.36,0.3,0.34
6870949,0.06,0.245,0.695
6831335,0.22,0.36,0.42
6895698,0.19,0.35,0.46
6889889,0.22,0.26,0.52
6876679,0.065,0.18641666666666665,0.7485833333333334
6947097,0.375,0.02,0.605
6874970,0.045,0.08,0.875
6831069,0.09,0.774,0.136
6833628,0.02,0.135,0.845
6819282,0.16,0.405,0.435
6825025,0.0,0.07,0.93
6856513,0.04,0.15,0.81
6928711,0.005,0.01,0.985
6832548,0.065,0.205,0.73
6881870,0.0,0.2,0.8
6866978,0.07,0.475,0.455
7163400,0.425,0.395,0.18
6917187,0.33875,0.26125,0.4
6927475,0.0,0.375,0.625
6903243,0.01,0.295,0.695
6876188,0.055,0.195,0.75
6922219,0.0,0.01,0.99
7104085,0.0,0.0,1.0
6920897,0.05,0.465,0.485
6812177,0.07,0.16,0.77
6941047,0.16,0.3266666666666667,0.5133333333333333
6827609,0.0,0.02,0.98
6934328,0.05,0.095,0.855
6937556,0.34,0.37,0.29
6879765,0.015,0.3,0.685
6942927,0.005,0.115,0.88
6945170,0.08,0.395,0.525
6901915,0.07,0.24,0.69
6824475,0.04,0.25375,0.70625
6832968,0.22333333333333336,0.2,0.5766666666666667
7166718,0.005,0.005,0.99
6905079,0.0,0.175,0.825
6940297,0.07,0.73,0.2
6911080,0.025,0.415,0.56
6917208,0.035,0.285,0.68
6858925,0.115,0.555,0.33
7169883,0.42,0.2775,0.3025
6944112,0.105,0.5,0.395
6885816,0.19,0.24,0.57
6837733,0.175,0.24050000000000002,0.5845
6828658,0.13,0.18,0.69
6839429,0.08,0.19,0.73
7164794,0.04,0.255,0.705
6837661,0.05,0.195,0.755
6883255,0.0,0.075,0.925
6833054,0.025,0.295,0.68
7675463,0.05,0.26375,0.68625
6871526,0.13,0.435,0.435
6876295,0.155,0.345,0.5
7204045,0.0,0.145,0.855
6840357,0.1,0.35,0.55
6917531,0.01,0.09,0.9
6886057,0.085,0.305,0.61
6833734,0.02,0.23,0.75
6908098,0.025,0.255,0.72
6860562,0.03,0.135,0.835
6859167,0.145,0.38791666666666663,0.46708333333333335
6812141,0.01,0.19,0.8
6919431,0.01,0.125,0.865
6869389,0.055,0.56,0.385
6906034,0.07,0.22,0.71
7108495,0.0,0.01,0.99
6864681,0.015,0.225,0.76
6893982,0.0,0.38,0.62
6862160,0.01,0.085,0.905
6854804,0.025,0.5,0.475
7143164,0.0,0.09,0.91
6936651,0.055,0.325,0.62
6837450,0.065,0.28,0.655
6908259,0.84,0.07,0.09
6916539,0.075,0.32,0.605
6947176,0.145,0.19,0.665
6933958,0.155,0.5375,0.3075
6816549,0.135,0.31,0.555
6876117,0.005,0.27,0.725
6848605,0.09,0.255,0.655
6840659,0.23,0.075,0.695
6823496,0.305,0.31,0.385
6912609,0.0,0.0,1.0
7097937,0.02,0.085,0.895
6924524,0.005,0.24,0.755
6938236,0.14,0.305,0.555
6865751,0.0,0.015,0.985
6936323,0.0,0.075,0.925
6868422,0.225,0.31,0.465
7210133,0.03,0.405,0.565
7215631,0.03,0.13,0.84
6940189,0.005,0.125,0.87
6888941,0.0,0.075,0.925
6831598,0.03,0.155,0.815
6939963,0.005,0.05,0.945
6897175,0.095,0.4,0.505
6816167,0.045,0.28,0.675
6812965,0.0,0.165,0.835
7149372,0.135,0.5483333333333333,0.31666666666666665
6875959,0.0,0.04,0.96
6925644,0.0,0.21,0.79
6874269,0.07,0.28,0.65
6814721,0.045,0.065,0.89
6922432,0.03,0.355,0.615
6858861,0.065,0.18,0.755
6835339,0.0,0.0,1.0
6896997,0.185,0.295,0.52
6921134,0.0,0.0,1.0
6883685,0.19,0.46,0.35
6911406,0.0,0.0,1.0
6825733,0.27,0.254,0.47600000000000003
6884462,0.1,0.465,0.435
6858682,0.025,0.165,0.81
6894013,0.155,0.35,0.495
6856391,0.16,0.31,0.53
6828064,0.05,0.17,0.78
6817336,0.005,0.085,0.91
6819178,0.08,0.33,0.59
7147339,0.065,0.49,0.445
6887757,0.035,0.38,0.585
6946859,0.04,0.345,0.615
6855963,0.085,0.115,0.8
6839828,0.11,0.185,0.705
6870806,0.2,0.235,0.565
6880221,0.0125,0.09,0.8975
6921809,0.09,0.56,0.35
6897069,0.0,0.63,0.37
6897157,0.18,0.265,0.555
6898912,0.05,0.085,0.865
6856271,0.22,0.335,0.445
6888381,0.0,0.0,1.0
7099191,0.0,0.005,0.995
6917882,0.15,0.635,0.215
6931260,0.02,0.005,0.975
6849996,0.18,0.38,0.44
6887973,0.015,0.215,0.77
6850205,0.155,0.53925,0.30574999999999997
6845657,0.185,0.31,0.505
6930302,0.01,0.025,0.965
6852391,0.17,0.25,0.58
6920411,0.09,0.7841666666666667,0.12583333333333335
6907999,0.005,0.235,0.76
6864094,0.005,0.055,0.94
6813852,0.04,0.265,0.695
7232295,0.115,0.335,0.55
6896558,0.15,0.16,0.69
6858919,0.04,0.415,0.545
6847828,0.03,0.19,0.78
6925116,0.235,0.49,0.275
6854687,0.055,0.135,0.81
6946415,0.035,0.375,0.59
6827859,0.005,0.055,0.94
6884313,0.33458333333333334,0.3241666666666667,0.34125
6848651,0.01,0.28400000000000003,0.706
7136298,0.015,0.255,0.73
6874534,0.07,0.135,0.795
6908942,0.265,0.41,0.325
6894718,0.02,0.025,0.955
6876449,0.255,0.21,0.535
6825630,0.195,0.4875,0.3175
7155655,0.0,0.315,0.685
7201310,0.005,0.06,0.935
6864334,0.02,0.135,0.845
6876658,0.03,0.2825,0.6875
6842370,0.295,0.3375,0.3675
6835467,0.125,0.205,0.67
7227368,0.13,0.09,0.78
6859482,0.14466666666666667,0.295,0.5603333333333332
6878641,0.01,0.0925,0.8975
6869916,0.0,0.0,1.0
6841060,0.075,0.13,0.795
6887832,0.01,0.14,0.85
6905898,0.0,0.035,0.965
7104742,0.1,0.27,0.63
6948090,0.08,0.4,0.52
6839851,0.135,0.375,0.49
6934051,0.0,0.03,0.97
6888727,0.075,0.495,0.43
7167478,0.04,0.025,0.935
6892109,0.09,0.825,0.085
6908544,0.25,0.46,0.29
6921725,0.14,0.415,0.445
6932343,0.04,0.19,0.77
6914309,0.0,0.085,0.915
6919805,0.11,0.245,0.645
6947828,0.085,0.205,0.71
6920362,0.125,0.335,0.54
7110179,0.58,0.21875000000000003,0.20125
6877834,0.11,0.41,0.48
6876966,0.19,0.415,0.395
6823918,0.005,0.22,0.775
6871243,0.01,0.03,0.96
6928189,0.055,0.06,0.885
6852455,0.05,0.25,0.7
7208631,0.175,0.43,0.395
6831811,0.1,0.585,0.315
6904276,0.01,0.125,0.865
6831589,0.16,0.2,0.64
6901814,0.005,0.12,0.875
6854667,0.7,0.16,0.14
7192650,0.005,0.005,0.99
6836299,0.03,0.195,0.775
6887919,0.0,0.03625,0.96375
6927679,0.065,0.315,0.62
6855908,0.04,0.13,0.83
6854766,0.03,0.13,0.84
6847472,0.035,0.285,0.68
6862519,0.0,0.085,0.915
6938819,0.3316666666666667,0.165,0.5033333333333334
6945434,0.01,0.12,0.87
6832722,0.67,0.145,0.185
6852707,0.0,0.045,0.955
7177680,0.04,0.455,0.505
6834945,0.005,0.015,0.98
6890316,0.145,0.315,0.54
6816620,0.005,0.01,0.985
6945175,0.045,0.305,0.65
6914016,0.085,0.38,0.535
6852619,0.1035,0.2365,0.66
6813211,0.235,0.275,0.49
6820546,0.02,0.11,0.87
6836128,0.03,0.05,0.92
6850557,0.1,0.365,0.535
6864997,0.015,0.03,0.955
6883705,0.005,0.1,0.895
6898767,0.0,0.035,0.965
6866020,0.135,0.16625,0.69875
7126382,0.06158333333333333,0.14508333333333334,0.7933333333333334
6847427,0.075,0.6,0.325
6841013,0.048,0.29700000000000004,0.655
6909469,0.0,0.0,1.0
6922473,0.005,0.025,0.97
6925906,0.05,0.14,0.81
6946014,0.155,0.135,0.71
6820739,0.195,0.31,0.495
6927559,0.245,0.3275,0.4275
7174772,0.065,0.23,0.705
6931036,0.07,0.755,0.175
6918163,0.065,0.36,0.575
6893604,0.115,0.335,0.55
6868844,0.165,0.19,0.645
6814537,0.445,0.18,0.375
6916118,0.0,0.02,0.98
6838509,0.015,0.34,0.645
6919725,0.045,0.415,0.54
6932476,0.0,0.005,0.995
6860496,0.05,0.515,0.435
7156799,0.21833333333333338,0.25666666666666665,0.525
6837521,0.0,0.05,0.95
6913204,0.045,0.36,0.595
6947516,0.065,0.19,0.745
6838117,0.065,0.17,0.765
6933366,0.045,0.26725,0.6877500000000001
7134198,0.33,0.22,0.45
6898450,0.205,0.14,0.655
6819926,0.14800000000000002,0.272,0.58
6947698,0.295,0.31,0.395
6838721,0.0,0.02,0.98
6936661,0.085,0.39,0.525
6912257,0.13,0.275,0.595
6905569,0.01,0.005,0.985
6927167,0.125,0.34,0.535
7150689,0.02,0.09,0.89
6820358,0.15,0.1675,0.6825
6945045,0.025,0.17,0.805
6866884,0.04,0.08,0.88
6820658,0.015,0.43,0.555
6826462,0.125,0.52,0.355
6932390,0.02,0.085,0.895
6905031,0.365,0.44,0.195
6923011,0.035,0.235,0.73
6908504,0.15,0.335,0.515
6881050,0.20666666666666667,0.5983333333333334,0.195
6892968,0.0,0.115,0.885
7346996,0.015,0.355,0.63
6876206,0.0,0.015,0.985
6813475,0.115,0.25,0.635
7190057,0.05,0.18,0.77
6838465,0.1,0.435,0.465
6899364,0.065,0.21,0.725
6891616,0.0,0.0,1.0
6836715,0.03,0.41,0.56
6829616,0.045,0.13,0.825
6829144,0.045,0.315,0.64
6893064,0.055,0.325,0.62
6861300,0.0,0.01,0.99
6926847,0.165,0.62,0.215
6894021,0.005,0.225,0.77
6897946,0.18,0.14,0.68
6835716,0.195,0.305,0.5
6832160,0.3,0.355,0.345
6835291,0.075,0.19,0.735
6945184,0.03,0.315,0.655
7140488,0.15,0.25,0.6
6937850,0.095,0.465,0.44
6899603,0.005,0.04,0.955
6903105,0.08,0.215,0.705
6828476,0.01,0.035,0.955
6835098,0.005,0.0,0.995
6830512,0.14,0.43,0.43
6879997,0.005,0.09,0.905
7131517,0.015,0.27,0.715
6835955,0.14,0.425,0.435
6875250,0.08,0.13,0.79
6932794,0.05,0.14,0.81
6948263,0.075,0.61,0.315
6867201,0.3,0.43,0.27
6882748,0.2,0.465,0.335
6902842,0.095,0.215,0.69
6847535,0.03,0.42,0.55
6825267,0.27,0.175,0.555
6909277,0.14,0.015,0.845
7152429,0.29,0.53,0.18
6931179,0.005,0.0625,0.9325
6896746,0.055,0.615,0.33
6937073,0.015,0.14,0.845
6934627,0.0,0.0,1.0
6887878,0.1,0.375,0.525
6921531,0.025,0.37,0.605
6897461,0.0,0.025,0.975
6862066,0.06,0.18,0.76
6851531,0.235,0.327,0.43799999999999994
6928550,0.12,0.225,0.655
6945851,0.02,0.095,0.885
6946955,0.0,0.015,0.985
6869136,0.3,0.315,0.385
6908667,0.07,0.54,0.39
6820525,0.04333333333333334,0.5116666666666666,0.445
6887970,0.095,0.24,0.665
6848365,0.05,0.385,0.565
6816173,0.07,0.17,0.76
6900732,0.0,0.0,1.0
6815786,0.075,0.315,0.61
6945972,0.04,0.31,0.65
6848445,0.045,0.305,0.65
6856486,0.05,0.19,0.76
6867010,0.065,0.375,0.56
6828257,0.27,0.39,0.34
6871807,0.03,0.315,0.655
7212966,0.0,0.0,1.0
6889959,0.445,0.245,0.31
6915510,0.13,0.08,0.79
6905402,0.0,0.36,0.64
6826100,0.075,0.355,0.57
6848893,0.0,0.185,0.815
7155647,0.335,0.265,0.4
6812883,0.07,0.705,0.225
6866095,0.01,0.065,0.925
6931127,0.18,0.075,0.745
6829407,0.05,0.355,0.595
6867548,0.47,0.34,0.19
7132575,0.07,0.32,0.61
6890847,0.025,0.5716666666666667,0.40333333333333327
6916429,0.0,0.0,1.0
6884716,0.44,0.415,0.145
6896897,0.5033333333333334,0.23,0.26666666666666666
6941572,0.055,0.185,0.76
6945277,0.09,0.2929166666666667,0.6170833333333334
7133293,0.075,0.49,0.435
7213385,0.0,0.05,0.95
6831928,0.01,0.5133333333333333,0.4766666666666666
6932687,0.01,0.07,0.92
6873877,0.04,0.09,0.87
7135459,0.16,0.37,0.47
6876620,0.0,0.025,0.975
6936163,0.055,0.19,0.755
6912398,0.08,0.42,0.5
6917655,0.015,0.22,0.765
6941149,0.05,0.235,0.715
6941378,0.01,0.125,0.865
6882453,0.01,0.08,0.91
7119160,0.19,0.33,0.48
6868451,0.005,0.26,0.735
6945881,0.07,0.205,0.725
6822541,0.02,0.16,0.82
6884355,0.215,0.35875,0.42625
7132247,0.11,0.465,0.425
6872049,0.005,0.225,0.77
6890740,0.02,0.115,0.865
6840897,0.1,0.125,0.775
6847694,0.025,0.14,0.835
6938196,0.0,0.155,0.845
6939526,0.02,0.13,0.85
6917529,0.0,0.0,1.0
6885636,0.0,0.025,0.975
7202614,0.0,0.005,0.995
6926453,0.01,0.7955000000000001,0.1945
6844636,0.11,0.395,0.495
6879293,0.32,0.47,0.21
6924780,0.08,0.095,0.825
6881024,0.02,0.04,0.94
6851374,0.1,0.12,0.78
6850953,0.18,0.28,0.54
6892292,0.005,0.06,0.935
6886159,0.005,0.09,0.905
6849877,0.075,0.36,0.565
6940840,0.005,0.13,0.865
6926838,0.021666666666666664,0.5333333333333333,0.445
6879243,0.075,0.375,0.55
6944286,0.135,0.31,0.555
6915587,0.125,0.5533333333333333,0.3216666666666667
6881904,0.075,0.355,0.57
7154358,0.19,0.325,0.485
6899258,0.02,0.11,0.87
6855460,0.48,0.26,0.26
6864884,0.04,0.125,0.835
6868209,0.04,0.29,0.67
6853834,0.04,0.205,0.755
7210020,0.11,0.445,0.445
6933228,0.025,0.145,0.83
6929227,0.085,0.385,0.53
7192346,0.14,0.55,0.31
6928834,0.015,0.16,0.825
6812269,0.025,0.16,0.815
6851446,0.095,0.34,0.565
6930820,0.015,0.13,0.855
6875310,0.09,0.22,0.69
6932397,0.05,0.39,0.56
6904291,0.005,0.05,0.945
6921642,0.09,0.3662500000000001,0.54375
7136057,0.235,0.31,0.455
6920815,0.045,0.065,0.89
6861757,0.395,0.32,0.285
6934222,0.565,0.095,0.34
6946448,0.025,0.125,0.85
6890569,0.05,0.38583333333333336,0.5641666666666667
6884477,0.28,0.35,0.37
7145006,0.005,0.19,0.805
6893718,0.005,0.055,0.94
6893330,0.01,0.22083333333333333,0.7691666666666667
6901780,0.0,0.005,0.995
6815738,0.085,0.235,0.68
6917209,0.025,0.295,0.68
6904227,0.005,0.215,0.78
6894402,0.005,0.075,0.92
7146083,0.005,0.155,0.84
6902153,0.005,0.02,0.975
6925988,0.155,0.285,0.56
6881323,0.0,0.0,1.0
6937405,0.285,0.375,0.34
7098390,0.035,0.45,0.515
6935942,0.035,0.585,0.38
6833510,0.025,0.405,0.57
6812857,0.01325,0.46,0.5267499999999999
6828441,0.175,0.145,0.68
6915711,0.32,0.345,0.335
6880643,0.045,0.42,0.535
7224930,0.035,0.26,0.705
6852614,0.03,0.095,0.875
6853816,0.03,0.49,0.48
6811964,0.08,0.35,0.57
6847800,0.025,0.07,0.905
6859897,0.04,0.515,0.445
6882929,0.0,0.03,0.97
7157584,0.005,0.11,0.885
6863444,0.025,0.02,0.955
6836902,0.015,0.02,0.965
6918960,0.085,0.35,0.565
6882854,0.06,0.22,0.72
6822755,0.025,0.085,0.89
6815184,0.16,0.415,0.425
6846582,0.01,0.235,0.755
6940309,0.035,0.13,0.835
6924056,0.005,0.175,0.82
6824481,0.005,0.305,0.69
6839735,0.0,0.086,0.9139999999999999
6900130,0.105,0.385,0.51
6946739,0.005,0.075,0.92
7144008,0.1,0.42,0.48
6863751,0.0,0.035,0.965
6820293,0.03,0.275,0.695
6818472,0.015,0.355,0.63
6832420,0.04,0.225,0.735
6879450,0.0,0.025,0.975
6943618,0.015,0.24,0.745
6883463,0.045,0.415,0.54
6834919,0.205,0.525,0.27
7505696,0.05,0.065,0.885
6903645,0.01,0.525,0.465
6831148,0.4,0.325,0.275
6828948,0.07,0.19,0.74
6878495,0.0,0.16,0.84
6924862,0.01,0.045,0.945
6887802,0.05,0.38,0.57
6903228,0.16,0.42,0.42
6947415,0.0,0.035,0.965
6941508,0.305,0.22,0.475
6856111,0.24,0.21,0.55
7126808,0.145,0.225,0.63
6939857,0.0,0.3,0.7
6822528,0.195,0.25,0.555
6947631,0.04,0.25,0.71
6887810,0.005,0.06,0.935
6849210,0.035,0.22,0.745
6901742,0.005,0.02,0.975
6850925,0.34,0.34666666666666673,0.3133333333333333
7181995,0.015,0.505,0.48
6841559,0.005,0.02,0.975
6822957,0.11,0.05,0.84
6943349,0.0,0.16,0.84
6923825,0.045,0.085,0.87
6871218,0.15,0.3766666666666667,0.4733333333333333
6932761,0.075,0.215,0.71
7168983,0.05,0.42,0.53
6853713,0.04,0.1,0.86
6814124,0.02,0.565,0.415
6828980,0.005,0.225,0.77
6939747,0.01,0.385,0.605
6862615,0.13,0.14,0.73
6911182,0.034,0.26433333333333336,0.7016666666666667
6947421,0.14,0.135,0.725
7163662,0.0,0.025,0.975
6933362,0.04,0.69,0.27
6822086,0.02,0.05,0.93
6939543,0.12,0.355,0.525
6882675,0.015,0.49,0.495
6925986,0.0,0.075,0.925
6927417,0.005,0.445,0.55
6824119,0.16,0.355,0.485
6923589,0.045,0.14,0.815
7205380,0.0,0.055,0.945
6904992,0.04,0.1,0.86
6857676,0.085,0.41,0.505
6942001,0.11,0.3416666666666666,0.5483333333333333
7187800,0.01,0.155,0.835
6877985,0.155,0.7616666666666666,0.08333333333333334
6821414,0.105,0.27,0.625
6864512,0.01,0.1,0.89
6827448,0.11,0.28,0.61
6908603,0.0,0.11,0.89
7229431,0.025,0.11,0.865
6887335,0.0,0.0,1.0
6882828,0.05,0.555,0.395
6899958,0.015,0.29,0.695
6824008,0.03,0.405,0.565
6903906,0.3075,0.285,0.4075
7115894,0.055,0.83,0.115
6941723,0.05,0.14,0.81
6839785,0.06,0.1,0.84
6886776,0.0,0.085,0.915
6916643,0.08,0.09916666666666668,0.8208333333333334
6913846,0.045,0.425,0.53
6890122,0.01,0.22,0.77
6835099,0.01,0.11,0.88
6945428,0.06,0.47,0.47
6887669,0.21,0.285,0.505
6935132,0.0,0.02,0.98
6857587,0.015,0.08,0.905
6935498,0.025,0.15,0.825
6947868,0.11,0.425,0.465
6850003,0.05,0.26,0.69
6852354,0.335,0.205,0.46
6919832,0.04,0.375,0.585
6812510,0.03,0.0925,0.8775
6896715,0.105,0.335,0.56
7227507,0.09,0.385,0.525
6887453,0.045,0.165,0.79
6921056,0.1,0.44,0.46
6932635,0.1,0.445,0.455
6893393,0.02,0.095,0.885
6940659,0.06,0.155,0.785
6891517,0.01583333333333333,0.08583333333333332,0.8983333333333333
6818991,0.055,0.385,0.56
6899307,0.26,0.355,0.385
7175517,0.02,0.055,0.925
6895415,0.14,0.33,0.53
6945124,0.015,0.415,0.57
6878796,0.03,0.18875,0.78125
6901435,0.005,0.135,0.86
7098987,0.24,0.3475,0.4125
6868925,0.065,0.355,0.58
6862452,0.36541666666666667,0.27458333333333335,0.36
6904865,0.0,0.015,0.985
6872445,0.105,0.675,0.22
6816856,0.005,0.2,0.795
6910410,0.005,0.095,0.9
6847518,0.01,0.24,0.75
6860992,0.0,0.065,0.935
7093387,0.03,0.26,0.71
6891540,0.245,0.395,0.36
6928645,0.015,0.06,0.925
6874105,0.01,0.11,0.88
6819576,0.13,0.33125,0.53875
6817538,0.0,0.005,0.995
6819741,0.295,0.27,0.435
6878626,0.065,0.15,0.785
6901210,0.02,0.04,0.94
6888879,0.055,0.485,0.46
6888947,0.09,0.225,0.685
6883374,0.0,0.02,0.98
6836031,0.015,0.05,0.935
6851387,0.0,0.02,0.98
6907149,0.0,0.125,0.875
6882595,0.08,0.225,0.695
6816916,0.025,0.2,0.775
6878470,0.0,0.04,0.96
6865752,0.07,0.405,0.525
7217321,0.065,0.13,0.805
6944366,0.16,0.22,0.62
6918425,0.075,0.195,0.73
6821736,0.025,0.23,0.745
6936271,0.09,0.455,0.455
6874179,0.12,0.575,0.305
7135281,0.025,0.15125,0.82375
6942663,0.14,0.38,0.48
6903026,0.245,0.2016666666666667,0.5533333333333333
6824421,0.045,0.43,0.525
6820128,0.02,0.245,0.735
6850604,0.045,0.26,0.695
7120955,0.005,0.185,0.81
6847409,0.065,0.2,0.735
7056210,0.0,0.22,0.78
6939935,0.005,0.025,0.97
6844699,0.19,0.1575,0.6525
6833246,0.1,0.205,0.695
6845220,0.06,0.58,0.36
6824273,0.09,0.435,0.475
6873326,0.065,0.42,0.515
6941227,0.005,0.06,0.935
6899355,0.025,0.01,0.965
6880235,0.175,0.11833333333333332,0.7066666666666666
6850018,0.085,0.51,0.405
6818489,0.055,0.8,0.145
7159592,0.06,0.365,0.575
7200711,0.165,0.415,0.42
6842278,0.01,0.11375,0.87625
6829488,0.0,0.11,0.89
6916976,0.07,0.2,0.73
6863573,0.0,0.055,0.945
6900303,0.0,0.0,1.0
6830686,0.16,0.355,0.485
7088285,0.159,0.375,0.466
6875119,0.155,0.28,0.565
6852969,0.06,0.08,0.86
6834964,0.0,0.0,1.0
6888066,0.01,0.095,0.895
6862580,0.02,0.12,0.86
6902903,0.02,0.09,0.89
6940227,0.075,0.245,0.68
7094978,0.02,0.225,0.755
6849775,0.045,0.175,0.78
6852514,0.003,0.067,0.93
6908752,0.38,0.105,0.515
6926813,0.03,0.21,0.76
6867168,0.055,0.3,0.645
6916938,0.005,0.15,0.845
7217282,0.485,0.17,0.345
6830318,0.33899999999999997,0.601,0.06
6841129,0.155,0.33458333333333334,0.5104166666666667
6933898,0.035,0.355,0.61
6852224,0.105,0.395,0.5
6855108,0.295,0.3,0.405
6857681,0.24,0.225,0.535
7167282,0.0,0.025,0.975
6939214,0.21,0.185,0.605
6922283,0.1,0.345,0.555
6859605,0.005,0.065,0.93
6904148,0.005,0.105,0.89
6882954,0.06,0.375,0.565
6939093,0.0,0.055,0.945
6831383,0.02041666666666667,0.085,0.8945833333333334
6894471,0.0,0.0,1.0
6931008,0.045,0.615,0.34
6838588,0.065,0.285,0.65
6851730,0.035,0.165,0.8
6911988,0.005,0.315,0.68
6814325,0.05,0.73,0.22
6838809,0.305,0.18,0.515
6822777,0.15,0.355,0.495
6887378,0.08449999999999999,0.4375,0.478
6913098,0.025,0.115,0.86
6936520,0.16166666666666665,0.61,0.22833333333333333
6837850,0.04,0.1,0.86
6918818,0.005,0.175,0.82
6897497,0.0,0.04,0.96
6936577,0.065,0.59,0.345
6826594,0.06,0.545,0.395
6865047,0.015,0.07,0.915
6823879,0.255,0.18,0.565
6914868,0.945,0.02,0.035
6863654,0.0,0.08,0.92
6907061,0.225,0.315,0.46
7180725,0.255,0.45,0.295
7205244,0.02,0.15,0.83
6856962,0.24,0.395,0.365
6885323,0.005,0.01,0.985
6912379,0.65,0.06,0.29
6858148,0.015,0.11,0.875
6814582,0.06,0.36,0.58
6940703,0.035,0.325,0.64
7181144,0.12,0.415,0.465
6825868,0.065,0.105,0.83
6889020,0.06,0.315,0.625
6869287,0.0,0.01,0.99
6871054,0.075,0.275,0.65
6870018,0.0,0.135,0.865
6895217,0.125,0.125,0.75
6855875,0.01,0.065,0.925
7185369,0.005,0.165,0.83
6848724,0.125,0.045,0.83
6912010,0.02,0.55,0.43
6911483,0.11833333333333335,0.465,0.41666666666666663
6826557,0.03,0.145,0.825
6893666,0.005,0.035,0.96
6946801,0.015,0.065,0.92
6871189,0.0,0.015,0.985
6844700,0.08666666666666668,0.265,0.6483333333333334
6832474,0.015,0.07,0.915
6922129,0.105,0.35,0.545
6941269,0.145,0.165,0.69
6850111,0.018000000000000002,0.182,0.8
6871721,0.005,0.05,0.945
6834277,0.0,0.005,0.995
6815020,0.13,0.10866666666666668,0.7613333333333334
6839790,0.37,0.26,0.37
6929149,0.0,0.04,0.96
6832299,0.09125,0.40875,0.5
6908265,0.0,0.325,0.675
6819513,0.015,0.13,0.855
6922046,0.1,0.35,0.55
6911700,0.005,0.09,0.905
7132375,0.19,0.42,0.39
6826330,0.06166666666666666,0.5283333333333333,0.41
6892358,0.1125,0.3,0.5875
6844735,0.05,0.325,0.625
6830282,0.0,0.03,0.97
6831883,0.0,0.01,0.99
6861551,0.135,0.32,0.545
6857472,0.01,0.105,0.885
6844170,0.04,0.19,0.77
6870992,0.02,0.075,0.905
6824420,0.14,0.17,0.69
6842673,0.0,0.289,0.711
6870166,0.385,0.485,0.13
6923521,0.07,0.405,0.525
6923067,0.025,0.695,0.28
7102369,0.135,0.7,0.165
6918324,0.005,0.16,0.835
6875753,0.01,0.07,0.92
6858106,0.015,0.38,0.605
6945544,0.04,0.36,0.6
6843762,0.0,0.0,1.0
6916249,0.045,0.245,0.71
6881283,0.10924999999999999,0.45575000000000004,0.435
6905410,0.04,0.18,0.78
6892408,0.12,0.46,0.42
6930990,0.36,0.225,0.415
6835400,0.0,0.0,1.0
6867680,0.04,0.165,0.795
6910555,0.005,0.085,0.91
7178838,0.01,0.16,0.83
6925050,0.035,0.2175,0.7475
6831230,0.3,0.2675,0.4325
6884393,0.385,0.115,0.5
6850763,0.115,0.5213333333333333,0.3636666666666667
6835259,0.0,0.0,1.0
6878793,0.015,0.065,0.92
6843709,0.095,0.56,0.345
6880861,0.095,0.155,0.75
6927246,0.13,0.315,0.555
6884364,0.23125,0.25375,0.515
6932934,0.0,0.085,0.915
6943694,0.07,0.13,0.8
6831730,0.005,0.025,0.97
6844928,0.155,0.395,0.45
6885511,0.06,0.27,0.67
6844807,0.165,0.45,0.385
6817080,0.02,0.035,0.945
6851413,0.035833333333333335,0.24916666666666668,0.715
6918623,0.005,0.215,0.78
6932080,0.225,0.435,0.34
7117345,0.0,0.0,1.0
6821425,0.02,0.12,0.86
6924403,0.01,0.21,0.78
6854123,0.065,0.205,0.73
6852889,0.05083333333333334,0.13916666666666666,0.81
6866387,0.0,0.01,0.99
6858128,0.025,0.23,0.745
6905129,0.195,0.525,0.28
6932035,0.1,0.15,0.75
6884265,0.12,0.13,0.75
6936966,0.185,0.5113333333333333,0.3036666666666667
6881098,0.0,0.05,0.95
6869941,0.0,0.2,0.8
6864713,0.0,0.045,0.955
6905259,0.0,0.035,0.965
6889865,0.13,0.52,0.35
6870562,0.235,0.4,0.365
7124351,0.04,0.39,0.57
6857644,0.09,0.05,0.86
6891045,0.16,0.3,0.54
6929039,0.23,0.32,0.45
6916229,0.005,0.02,0.975
6833556,0.15,0.335,0.515
6838951,0.1775,0.3875,0.435
6868487,0.015,0.127,0.858
6869690,0.425,0.27,0.305
6864005,0.175,0.44,0.385
6923234,0.075,0.15,0.775
6827182,0.105,0.2,0.695
7146069,0.005,0.0275,0.9675
6890503,0.04,0.14,0.82
6911066,0.105,0.2808333333333333,0.6141666666666666
6876163,0.09,0.125,0.785
6920433,0.10800000000000001,0.43700000000000006,0.455
6826987,0.06,0.4,0.54
6831058,0.0,0.12,0.88
6944184,0.175,0.295,0.53
6868480,0.015,0.175,0.81
7097198,0.11,0.27,0.62
6914595,0.115,0.42,0.465
6879535,0.035,0.15,0.815
6900971,0.02,0.055,0.925
6878555,0.15,0.45,0.4
6839324,0.225,0.29,0.485
6819925,0.0,0.04,0.96
6839386,0.18,0.155,0.665
6825584,0.015,0.2825,0.7025
7201758,0.11,0.245,0.645
6864463,0.29,0.4,0.31
6815348,0.0,0.0,1.0
6820756,0.02,0.16666666666666663,0.8133333333333335
6858699,0.085,0.275,0.64
6843115,0.32,0.165,0.515
6850824,0.01,0.055,0.935
6937635,0.015,0.135,0.85
6828911,0.35,0.135,0.515
7154618,0.015,0.225,0.76
6939143,0.12,0.125,0.755
6823169,0.06,0.17,0.77
6924844,0.145,0.515,0.34
6815925,0.065,0.19,0.745
6947389,0.0,0.0,1.0
7203267,0.19,0.27,0.54
6825953,0.11,0.205,0.685
6833542,0.045,0.685,0.27
6854302,0.01,0.285,0.705
6843122,0.26,0.24,0.5
6851851,0.015,0.07,0.915
6879971,0.115,0.415,0.47
7136227,0.0,0.0,1.0
6925138,0.01,0.175,0.815
6875050,0.0,0.115,0.885
6935199,0.08,0.26,0.66
6848027,0.045,0.385,0.57
6904795,0.385,0.115,0.5
6818781,0.025,0.15,0.825
6871081,0.225,0.335,0.44
6888945,0.025,0.281,0.6940000000000001
6925993,0.04,0.23,0.73
6928183,0.14,0.25,0.61
6847449,0.0,0.16583333333333333,0.8341666666666667
6857762,0.06,0.495,0.445
6942172,0.05,0.145,0.805
6916747,0.025,0.38,0.595
6813002,0.475,0.105,0.42
6923932,0.0,0.005,0.995
6939669,0.065,0.435,0.5
6854566,0.1,0.4366666666666667,0.4633333333333334
6909019,0.02,0.505,0.475
6869921,0.0,0.0,1.0
6864519,0.01,0.315,0.675
6849438,0.01,0.18583333333333332,0.8041666666666667
6916590,0.025,0.515,0.46
6947299,0.02,0.145,0.835
7152604,0.0,0.003333333333333333,0.9966666666666667
6894914,0.72,0.095,0.185
6914502,0.08,0.06,0.86
6820113,0.265,0.25,0.485
6924106,0.0,0.114,0.8860000000000001
6840817,0.22,0.3,0.48
6913090,0.32,0.4145238095238095,0.2654761904761905
6934517,0.04,0.47083333333333327,0.48916666666666664
7152770,0.0,0.0,1.0
6868529,0.025,0.45,0.525
6836709,0.005,0.04,0.955
6868506,0.005,0.135,0.86
6941712,0.01,0.215,0.775
6932760,0.0,0.09,0.91
6850191,0.115,0.27,0.615
6878745,0.015,0.465,0.52
7094259,0.19625,0.31,0.49375
6831807,0.45,0.16,0.39
6891698,0.0,0.0,1.0
6923465,0.165,0.385,0.45
6899213,0.125,0.3216666666666667,0.5533333333333333
6923804,0.015,0.09,0.895
6918979,0.0,0.02,0.98
6862421,0.005,0.085,0.91
6900993,0.105,0.25,0.645
6861580,0.015,0.15,0.835
6906474,0.01,0.0225,0.9675
6847010,0.17,0.47,0.36
6817985,0.0,0.045,0.955
6879738,0.10666666666666667,0.3883333333333333,0.505
7169995,0.005,0.35,0.645
6901359,0.005,0.06,0.935
6837382,0.035,0.145,0.82
6874250,0.0925,0.3875,0.52
6886924,0.02,0.05,0.93
6894687,0.02,0.05,0.93
6937873,0.055,0.29,0.655
6852900,0.05,0.115,0.835
6929432,0.17,0.28,0.55
6844489,0.115,0.305,0.58
6844561,0.02,0.515,0.465
6933747,0.045,0.21,0.745
6940885,0.01,0.04,0.95
6873782,0.23,0.475,0.295
6882375,0.01,0.38799999999999996,0.602
6878769,0.01,0.3,0.69
6827016,0.055,0.41,0.535
6820773,0.09,0.115,0.795
6921124,0.085,0.435,0.48
6817935,0.465,0.315,0.22
7144533,0.115,0.17,0.715
6813648,0.08,0.17,0.75
6834670,0.035,0.16,0.805
6878185,0.005,0.26,0.735
6923378,0.01,0.19241666666666668,0.7975833333333333
6932252,0.025,0.165,0.81
6857065,0.01,0.145,0.845
7169899,0.045,0.185,0.77
6887074,0.09,0.225,0.685
6849463,0.075,0.405,0.52
6934153,0.01,0.335,0.655
7116464,0.0,0.09,0.91
6897412,0.01,0.055,0.935
6925887,0.05,0.37,0.58
6848650,0.04,0.33,0.63
6818453,0.08416666666666668,0.3025,0.6133333333333333
6943153,0.005,0.175,0.82
6946348,0.655,0.095,0.25
6878770,0.165,0.54,0.295
6827664,0.005,0.06833333333333334,0.9266666666666665
6922984,0.085,0.41,0.505
6864544,0.11,0.205,0.685
6931437,0.0,0.05,0.95
7171071,0.01,0.3,0.69
6908215,0.165,0.32,0.515
6813875,0.12258333333333332,0.25,0.6274166666666667
6845221,0.05,0.615,0.335
6900902,0.12,0.365,0.515
6925197,0.45,0.24166666666666667,0.30833333333333335
6850783,0.0,0.0,1.0
6869002,0.035,0.24,0.725
7172791,0.0,0.175,0.825
6936176,0.0,0.015,0.985
6839462,0.13,0.215,0.655
6828651,0.04333333333333333,0.32666666666666666,0.63
6912630,0.005,0.17,0.825
6925870,0.01,0.25,0.74
6823876,0.07,0.305,0.625
6932538,0.005,0.15,0.845
6905724,0.04,0.165,0.795
6872564,0.0,0.005,0.995
6821027,0.025,0.205,0.77
6943747,0.08,0.155,0.765
7150854,0.005,0.01,0.985
7140107,0.01,0.155,0.835
6925056,0.035,0.445,0.52
6908834,0.005,0.095,0.9
6841620,0.045,0.045,0.91
6927175,0.095,0.5,0.405
6911333,0.105,0.47,0.425
6936227,0.265,0.39,0.345
6935640,0.07,0.43,0.5
6901738,0.115,0.35,0.535
6849053,0.775,0.1,0.125
6879561,0.445,0.245,0.31
7166280,0.495,0.42,0.085
6889409,0.04,0.145,0.815
6898181,0.01,0.025,0.965
6881507,0.0,0.005,0.995
6895263,0.0,0.0,1.0
6830090,0.115,0.27,0.615
7215380,0.055,0.465,0.48
6817698,0.04,0.24,0.72
6906566,0.17,0.37,0.46
6894990,0.01,0.255,0.735
6873889,0.06,0.605,0.335
6879553,0.02,0.355,0.625
6878327,0.285,0.2866666666666667,0.4283333333333333
6907502,0.09,0.545,0.365
6913646,0.03,0.145,0.825
7300745,0.095,0.37,0.535
6839638,0.01,0.205,0.785
6856873,0.1625,0.319,0.5185
6855357,0.01,0.105,0.885
6899979,0.0,0.0,1.0
6908433,0.09,0.215,0.695
6907408,0.0,0.0,1.0
7170775,0.055,0.43,0.515
6894035,0.005,0.055,0.94
6847457,0.0,0.015,0.985
6846258,0.095,0.18,0.725
6833602,0.735,0.125,0.14
7113888,0.29833333333333334,0.3316666666666667,0.37
6896850,0.025,0.475,0.5
6874757,0.065,0.15,0.785
6818474,0.055,0.37,0.575
6902137,0.035,0.205,0.76
6870798,0.175,0.225,0.6
7127496,0.14,0.545,0.315
6902192,0.025,0.315,0.66
6881324,0.255,0.14,0.605
6928837,0.06,0.35,0.59
6882452,0.08,0.515,0.405
6828286,0.0,0.051666666666666666,0.9483333333333333
7126963,0.005,0.155,0.84
6862928,0.005,0.025,0.97
6822277,0.015,0.07,0.915
6889752,0.46,0.33,0.21
6861415,0.105,0.41,0.485
6812868,0.07,0.425,0.505
6937889,0.025,0.465,0.51
6935346,0.01,0.11,0.88
7282611,0.045,0.395,0.56
6936347,0.195,0.305,0.5
6824954,0.13,0.2,0.67
6892538,0.06,0.24,0.7
6928786,0.27,0.09,0.64
7164678,0.172,0.604,0.22399999999999998
6889908,0.08,0.54,0.38
6913892,0.37,0.39,0.24
6837599,0.445,0.32,0.235
6925955,0.01,0.035,0.955
6833907,0.06,0.48,0.46
6874618,0.07,0.34,0.59
6877202,0.14049999999999999,0.42449999999999993,0.435
6928643,0.015,0.05,0.935
6904977,0.01,0.075,0.915
6890725,0.045,0.215,0.74
6821381,0.055,0.34,0.605
6876184,0.06,0.45,0.49
6900571,0.015,0.235,0.75
6885274,0.0,0.075,0.925
6839484,0.25,0.265,0.485
6940393,0.0,0.25,0.75
6947646,0.015,0.14,0.845
7171492,0.025,0.265,0.71
6929184,0.045,0.38,0.575
6890360,0.28,0.445,0.275
6857523,0.005,0.54,0.455
6913381,0.14,0.38,0.48
6849511,0.01,0.105,0.885
6877504,0.03,0.165,0.805
7140050,0.0,0.055,0.945
6821705,0.005,0.12749999999999997,0.8674999999999998
6828363,0.38,0.474,0.146
6834416,0.02,0.28,0.7
6930248,0.05,0.415,0.535
6859894,0.04,0.325,0.635
6812012,0.0,0.17,0.83
7163323,0.02,0.01,0.97
6842540,0.225,0.23,0.545
6868726,0.07,0.125,0.805
6941446,0.045,0.145,0.81
6870488,0.01,0.17,0.82
6839242,0.12,0.51,0.37
7218255,0.0,0.03,0.97
6934549,0.045,0.47,0.485
6889895,0.39666666666666667,0.2633333333333333,0.34
6825020,0.03,0.1035,0.8665
6894947,0.06,0.285,0.655
7140525,0.0,0.005,0.995
6911993,0.005,0.055,0.94
6824037,0.02,0.22,0.76
6882446,0.12,0.43,0.45
6902447,0.0,0.28,0.72
6931156,0.115,0.175,0.71
6857795,0.23,0.285,0.485
6831494,0.0,0.0,1.0
6853601,0.0,0.175,0.825
7098382,0.16583333333333336,0.5791666666666666,0.255
6896764,0.245,0.195,0.56
6852315,0.02,0.055,0.925
6879859,0.11,0.58,0.31
6823182,0.075,0.055,0.87
7186095,0.2,0.26,0.54
6888297,0.035,0.475,0.49
6862915,0.105,0.12333333333333332,0.7716666666666666
6876292,0.055,0.24,0.705
7125390,0.005,0.06,0.935
6894003,0.025,0.23,0.745
6882334,0.04,0.22,0.74
6902258,0.005,0.215,0.78
7202985,0.0,0.0,1.0
6854703,0.025,0.41,0.565
6867192,0.04,0.115,0.845
6891539,0.01,0.125,0.865
6944423,0.5125,0.17,0.3175
6828554,0.0,0.045,0.955
6909152,0.025,0.855,0.12
6916377,0.0,0.0,1.0
6927731,0.05,0.08,0.87
7207035,0.075,0.115,0.81
6823232,0.065,0.17,0.765
6920352,0.015,0.295,0.69
6927006,0.1,0.49,0.41
6882569,0.01,0.055,0.935
6930250,0.11,0.24833333333333335,0.6416666666666667
6874927,0.025,0.08,0.895
6819605,0.02,0.075,0.905
6919792,0.005,0.125,0.87
6865137,0.005,0.33,0.665
7129277,0.075,0.12,0.805
6812483,0.025,0.095,0.88
6939010,0.11,0.28,0.61
6946483,0.015,0.37,0.615
6861585,0.01,0.06,0.93
6939744,0.175,0.17,0.655
6892611,0.025,0.285,0.69
6830977,0.625,0.145,0.23
7128814,0.015,0.065,0.92
6923434,0.225,0.42,0.355
6942315,0.015,0.195,0.79
6948509,0.335,0.19,0.475
6890231,0.0,0.105,0.895
6912207,0.015,0.11,0.875
6838584,0.015,0.135,0.85
6847995,0.06,0.615,0.325
6917463,0.0725,0.235,0.6925
6903844,0.025,0.145,0.83
7157390,0.025,0.465,0.51
6855342,0.045,0.27,0.685
6835231,0.005,0.035,0.96
6862121,0.0,0.02,0.98
6945521,0.22,0.28,0.5
6867420,0.01,0.075,0.915
6905101,0.1,0.34,0.56
6818496,0.018166666666666668,0.22683333333333333,0.755
6918925,0.075,0.485,0.44
7123427,0.265,0.335,0.4
6814336,0.015,0.13,0.855
6911832,0.11925,0.225,0.65575
6947977,0.07,0.58,0.35
6835357,0.0,0.005,0.995
6893083,0.06,0.18,0.76
6869401,0.0,0.015,0.985
6936872,0.085,0.32,0.595
6943363,0.005,0.09,0.905
6814666,0.07607142857142858,0.28,0.6439285714285715
6831228,0.085,0.46,0.455
6930325,0.04,0.53,0.43
7135468,0.075,0.34,0.585
6935649,0.065,0.485,0.45
6842816,0.05166666666666666,0.355,0.5933333333333333
6836648,0.0,0.0,1.0
6843370,0.21,0.185,0.605
6829452,0.01,0.1,0.89
6814410,0.04,0.215,0.745
6861393,0.01,0.03,0.96
6947636,0.075,0.43,0.495
6884926,0.2525,0.3575,0.39
6948404,0.07,0.295,0.635
6879094,0.095,0.31333333333333335,0.5916666666666667
6887261,0.135,0.33,0.535
6926944,0.185,0.41378571428571426,0.4012142857142857
6839343,0.085,0.39916666666666667,0.5158333333333333
6897753,0.025,0.305,0.67
6831379,0.055,0.23,0.715
6836705,0.085,0.425,0.49
6844690,0.05,0.325,0.625
6828230,0.0,0.005,0.995
6830259,0.22666666666666666,0.3383333333333334,0.435
6932110,0.035,0.78,0.185
6855525,0.50875,0.2075,0.28375
6912282,0.035,0.06075,0.90425
6887875,0.0,0.155,0.845
6897869,0.03,0.11,0.86
6833923,0.065,0.105,0.83
6938496,0.005,0.205,0.79
6906448,0.0,0.0,1.0
6920599,0.0,0.435,0.565
6931933,0.06,0.075,0.865
7141703,0.02,0.27,0.71
6856601,0.285,0.28,0.435
6861629,0.23,0.325,0.445
6871574,0.17,0.14,0.69
6813724,0.05666666666666667,0.2575,0.6858333333333333
6881040,0.045,0.04,0.915
6849238,0.02,0.33,0.65
6874203,0.005,0.035,0.96
6872301,0.045,0.185,0.77
6926122,0.005,0.015,0.98
6939969,0.0,0.015,0.985
6825814,0.04,0.18,0.78
7186170,0.005,0.085,0.91
6825880,0.025,0.33,0.645
6884791,0.09,0.455,0.455
6821357,0.095,0.34625,0.55875
6878281,0.185,0.27,0.545
6826274,0.04,0.19,0.77
6893401,0.085,0.205,0.71
6916446,0.0,0.02,0.98
6866042,0.01,0.29,0.7
6875316,0.085,0.605,0.31
7127588,0.025,0.07,0.905
6858014,0.005,0.01,0.985
6941487,0.09,0.29,0.62
6843123,0.07,0.38,0.55
6876888,0.115,0.235,0.65
6934688,0.21,0.6890000000000001,0.10099999999999999
6820861,0.075,0.32,0.605
6843755,0.015,0.1,0.885
6944973,0.065,0.07,0.865
6881747,0.11,0.265,0.625
6813603,0.085,0.28,0.635
6828988,0.11,0.395,0.495
6821920,0.03,0.49,0.48
7127604,0.065,0.27,0.665
6938542,0.04,0.305,0.655
6837880,0.055,0.1,0.845
6852092,0.025,0.135,0.84
6910395,0.025,0.035,0.94
6932175,0.01,0.405,0.585
6849066,0.01,0.09,0.9
6863912,0.465,0.2,0.335
6902673,0.025,0.25,0.725
6916858,0.035,0.03,0.935
6948262,0.365,0.265,0.37
6894002,0.3,0.5033333333333334,0.19666666666666668
6885322,0.065,0.385,0.55
7221273,0.005,0.125,0.87
6831285,0.08,0.13,0.79
6916257,0.015,0.025,0.96
6936285,0.035,0.5,0.465
6841694,0.035,0.345,0.62
6824601,0.19666666666666666,0.33,0.4733333333333334
6836071,0.115,0.41,0.475
6904669,0.005,0.10791666666666666,0.8870833333333334
6878834,0.19,0.305,0.505
6816237,0.25,0.37,0.38
6834249,0.0,0.01,0.99
6902274,0.005,0.04,0.955
6827266,0.05,0.24,0.71
6874541,0.01,0.1,0.89
6871159,0.01,0.155,0.835
7227127,0.065,0.475,0.46
6910909,0.0,0.005,0.995
6936374,0.325,0.12,0.555
6818024,0.055,0.155,0.79
6886456,0.105,0.295,0.6
6892989,0.03,0.11,0.86
6933005,0.01,0.045,0.945
7099456,0.205,0.64,0.155
6819978,0.2,0.53,0.27
6891067,0.10135714285714288,0.23822619047619045,0.6604166666666668
6890293,0.055,0.465,0.48
7227285,0.025,0.02,0.955
6832830,0.245,0.17875,0.57625
6841520,0.215,0.17,0.615
6910275,0.005,0.07,0.925
6937683,0.11,0.265,0.625
6933270,0.0,0.03,0.97
6812476,0.165,0.365,0.47
6882897,0.04,0.725,0.235
7113595,0.06,0.28,0.66
6903675,0.03,0.035,0.935
6926060,0.19,0.5425,0.2675
6853481,0.065,0.635,0.3
6912261,0.465,0.305,0.23
6844889,0.1,0.465,0.435
6869643,0.2,0.195,0.605
6906668,0.205,0.265,0.53
6831616,0.015,0.1,0.885
6906696,0.0,0.06,0.94
6862562,0.075,0.305,0.62
6826894,0.2020714285714286,0.27292857142857146,0.525
